$ 1 0.000005 10.20027730826997 69 5 43 5e-11
a 352 160 432 160 8 15 -15 1000000 1.4142692144788946 1.414285714286397 100000
r 352 112 288 112 0 120000
r 352 112 432 112 0 20000
w 432 112 432 160 0
w 352 112 352 144 0
c 352 64 432 64 4 1e-11 -0.23571153574648251 0.001 0
w 432 64 432 112 0
w 352 64 352 112 0
r -64 336 0 336 0 10000
r 0 336 0 400 0 7500
g 0 400 0 416 0 0
c 48 336 48 400 4 0.00001 1.414285714286397 0.001 0
w 48 400 0 400 0
w 48 336 0 336 0
R -64 336 -96 336 0 0 40 3.3 0 0 0.5
207 48 336 80 336 4 Bias_VREF
O 48 336 48 288 1 0
207 352 176 304 176 4 Bias_VREF
R 288 112 240 112 0 0 40 0 0 0 0.5
O 432 160 496 160 1 0
O 432 384 496 384 1 0
207 352 400 304 400 4 Bias_VREF
w 352 288 352 336 0
w 432 288 432 336 0
c 352 288 432 288 4 1e-11 1.4141702225456252 0.001 0
w 352 336 352 368 0
w 432 336 432 384 0
r 352 336 432 336 0 120000
r 352 336 288 336 0 20000
a 352 384 432 384 8 15 -15 1000000 1.4142857131314912 1.414285714286397 100000
w 432 160 432 224 0
w 432 224 288 224 0
w 288 224 288 336 0
38 18 F1 0 -8 8 -1 Voltage
